Sample	Chromosome	Start	End	Num_Probes	Segment_Mean
BROSE_p_TCGASNP_195_196_197_N_GenomeWideSNP_6_F12_1039594	1	61735	2288667	426	-0.1107
BROSE_p_TCGASNP_195_196_197_N_GenomeWideSNP_6_F12_1039594	1	2291819	2370252	26	-0.7501
BROSE_p_TCGASNP_195_196_197_N_GenomeWideSNP_6_F12_1039594	1	2371329	3210080	260	-0.1287
BROSE_p_TCGASNP_195_196_197_N_GenomeWideSNP_6_F12_1039594	1	3210510	16542868	8006	0.0023
BROSE_p_TCGASNP_195_196_197_N_GenomeWideSNP_6_F12_1039594	1	16544783	16785682	97	-0.1351
BROSE_p_TCGASNP_195_196_197_N_GenomeWideSNP_6_F12_1039594	1	16787932	16958425	74	-0.4929
BROSE_p_TCGASNP_195_196_197_N_GenomeWideSNP_6_F12_1039594	1	16959715	21365643	2989	0.0118
BROSE_p_TCGASNP_195_196_197_N_GenomeWideSNP_6_F12_1039594	1	21370976	21453405	40	-0.3039
BROSE_p_TCGASNP_195_196_197_N_GenomeWideSNP_6_F12_1039594	1	21457487	25256850	2239	-0.0033
BROSE_p_TCGASNP_195_196_197_N_GenomeWideSNP_6_F12_1039594	1	25266637	25319693	24	-0.4114
BROSE_p_TCGASNP_195_196_197_N_GenomeWideSNP_6_F12_1039594	1	25320198	39648952	7698	-0.0022
BROSE_p_TCGASNP_195_196_197_N_GenomeWideSNP_6_F12_1039594	1	39650439	39729180	49	-0.2924
BROSE_p_TCGASNP_195_196_197_N_GenomeWideSNP_6_F12_1039594	1	39729231	72297687	21037	0.0019
BROSE_p_TCGASNP_195_196_197_N_GenomeWideSNP_6_F12_1039594	1	72302735	72345450	47	-1.396
BROSE_p_TCGASNP_195_196_197_N_GenomeWideSNP_6_F12_1039594	1	72345465	103560166	20069	0.0047
BROSE_p_TCGASNP_195_196_197_N_GenomeWideSNP_6_F12_1039594	1	103560435	103716822	52	0.4455
BROSE_p_TCGASNP_195_196_197_N_GenomeWideSNP_6_F12_1039594	1	103717410	105470754	924	0.0203
BROSE_p_TCGASNP_195_196_197_N_GenomeWideSNP_6_F12_1039594	1	105476583	105479753	17	0.8696
BROSE_p_TCGASNP_195_196_197_N_GenomeWideSNP_6_F12_1039594	1	105481433	112147704	4643	7e-04
BROSE_p_TCGASNP_195_196_197_N_GenomeWideSNP_6_F12_1039594	1	112153343	112154768	25	-1.6878
BROSE_p_TCGASNP_195_196_197_N_GenomeWideSNP_6_F12_1039594	1	112163334	118799340	4212	-0.0111
BROSE_p_TCGASNP_195_196_197_N_GenomeWideSNP_6_F12_1039594	1	118803936	118804742	2	-1.8498
BROSE_p_TCGASNP_195_196_197_N_GenomeWideSNP_6_F12_1039594	1	118806818	143402848	976	-0.0142
BROSE_p_TCGASNP_195_196_197_N_GenomeWideSNP_6_F12_1039594	1	143403821	143494498	12	0.377
BROSE_p_TCGASNP_195_196_197_N_GenomeWideSNP_6_F12_1039594	1	143541857	143811517	140	0.7517
BROSE_p_TCGASNP_195_196_197_N_GenomeWideSNP_6_F12_1039594	1	143842082	143928045	23	0.353
BROSE_p_TCGASNP_195_196_197_N_GenomeWideSNP_6_F12_1039594	1	143934634	152583230	2611	-0.0156
BROSE_p_TCGASNP_195_196_197_N_GenomeWideSNP_6_F12_1039594	1	152583291	152613762	30	-1.9683
BROSE_p_TCGASNP_195_196_197_N_GenomeWideSNP_6_F12_1039594	1	152613802	152614118	4	-0.8037
BROSE_p_TCGASNP_195_196_197_N_GenomeWideSNP_6_F12_1039594	1	152618018	152789532	175	0.0337
BROSE_p_TCGASNP_195_196_197_N_GenomeWideSNP_6_F12_1039594	1	152789570	152795408	24	-0.4307
BROSE_p_TCGASNP_195_196_197_N_GenomeWideSNP_6_F12_1039594	1	152795447	167736395	10191	-6e-04
BROSE_p_TCGASNP_195_196_197_N_GenomeWideSNP_6_F12_1039594	1	167743841	167746160	5	-1.0396
BROSE_p_TCGASNP_195_196_197_N_GenomeWideSNP_6_F12_1039594	1	167746504	182776357	10141	-0.0038
BROSE_p_TCGASNP_195_196_197_N_GenomeWideSNP_6_F12_1039594	1	182777096	182780329	3	-1.2054
BROSE_p_TCGASNP_195_196_197_N_GenomeWideSNP_6_F12_1039594	1	182785024	187746723	3247	-0.0198
BROSE_p_TCGASNP_195_196_197_N_GenomeWideSNP_6_F12_1039594	1	187748429	187752238	2	-1.7059
BROSE_p_TCGASNP_195_196_197_N_GenomeWideSNP_6_F12_1039594	1	187755479	196829534	6052	0.0038
BROSE_p_TCGASNP_195_196_197_N_GenomeWideSNP_6_F12_1039594	1	196829575	196832942	20	-0.4509
BROSE_p_TCGASNP_195_196_197_N_GenomeWideSNP_6_F12_1039594	1	196843377	196932623	66	-0.8564
BROSE_p_TCGASNP_195_196_197_N_GenomeWideSNP_6_F12_1039594	1	196936029	223455032	18077	-0.0087
BROSE_p_TCGASNP_195_196_197_N_GenomeWideSNP_6_F12_1039594	1	223455061	223472019	58	0.5172
BROSE_p_TCGASNP_195_196_197_N_GenomeWideSNP_6_F12_1039594	1	223473439	231719494	5160	-0.0036
BROSE_p_TCGASNP_195_196_197_N_GenomeWideSNP_6_F12_1039594	1	231720231	231894556	150	-0.1742
BROSE_p_TCGASNP_195_196_197_N_GenomeWideSNP_6_F12_1039594	1	231897973	246624744	11088	-9e-04
BROSE_p_TCGASNP_195_196_197_N_GenomeWideSNP_6_F12_1039594	1	246627454	246751015	70	-0.3936
BROSE_p_TCGASNP_195_196_197_N_GenomeWideSNP_6_F12_1039594	1	246752129	248574146	1121	-0.0102
BROSE_p_TCGASNP_195_196_197_N_GenomeWideSNP_6_F12_1039594	1	248585893	248631163	29	-0.7298
BROSE_p_TCGASNP_195_196_197_N_GenomeWideSNP_6_F12_1039594	1	248631988	248930189	148	-0.0578
BROSE_p_TCGASNP_195_196_197_N_GenomeWideSNP_6_F12_1039594	2	12784	189800	102	-0.1092
BROSE_p_TCGASNP_195_196_197_N_GenomeWideSNP_6_F12_1039594	2	189818	227201	29	-0.6761
BROSE_p_TCGASNP_195_196_197_N_GenomeWideSNP_6_F12_1039594	2	227472	7457423	5751	0.004
BROSE_p_TCGASNP_195_196_197_N_GenomeWideSNP_6_F12_1039594	2	7458025	7513539	50	-0.3039
BROSE_p_TCGASNP_195_196_197_N_GenomeWideSNP_6_F12_1039594	2	7517323	12163947	3367	-0.0049
BROSE_p_TCGASNP_195_196_197_N_GenomeWideSNP_6_F12_1039594	2	12163964	12164245	5	-0.8541
BROSE_p_TCGASNP_195_196_197_N_GenomeWideSNP_6_F12_1039594	2	12164352	14565932	1742	0.0121
BROSE_p_TCGASNP_195_196_197_N_GenomeWideSNP_6_F12_1039594	2	14566145	14569968	10	-0.9383
BROSE_p_TCGASNP_195_196_197_N_GenomeWideSNP_6_F12_1039594	2	14570240	24376380	6884	0.005
BROSE_p_TCGASNP_195_196_197_N_GenomeWideSNP_6_F12_1039594	2	24378642	24388858	21	-0.6711
BROSE_p_TCGASNP_195_196_197_N_GenomeWideSNP_6_F12_1039594	2	24390690	86710564	41236	0.0022
BROSE_p_TCGASNP_195_196_197_N_GenomeWideSNP_6_F12_1039594	2	86725947	86726731	2	-2.2173
BROSE_p_TCGASNP_195_196_197_N_GenomeWideSNP_6_F12_1039594	2	86743283	97501749	2129	0.0032
BROSE_p_TCGASNP_195_196_197_N_GenomeWideSNP_6_F12_1039594	2	97524284	97545247	8	-1.0116
BROSE_p_TCGASNP_195_196_197_N_GenomeWideSNP_6_F12_1039594	2	97545726	146104517	29531	0.0015
BROSE_p_TCGASNP_195_196_197_N_GenomeWideSNP_6_F12_1039594	2	146106836	146109366	24	-1.9553
BROSE_p_TCGASNP_195_196_197_N_GenomeWideSNP_6_F12_1039594	2	146120238	149873281	2037	0.0069
BROSE_p_TCGASNP_195_196_197_N_GenomeWideSNP_6_F12_1039594	2	149873295	149873354	3	-1.5709
BROSE_p_TCGASNP_195_196_197_N_GenomeWideSNP_6_F12_1039594	2	149873371	207486030	34968	0.0013
BROSE_p_TCGASNP_195_196_197_N_GenomeWideSNP_6_F12_1039594	2	207490188	207494795	20	-0.9419
BROSE_p_TCGASNP_195_196_197_N_GenomeWideSNP_6_F12_1039594	2	207494836	234040109	17013	0.0018
BROSE_p_TCGASNP_195_196_197_N_GenomeWideSNP_6_F12_1039594	2	234040336	236773499	1921	0.042
BROSE_p_TCGASNP_195_196_197_N_GenomeWideSNP_6_F12_1039594	2	236774673	241547397	3018	-0.0039
BROSE_p_TCGASNP_195_196_197_N_GenomeWideSNP_6_F12_1039594	2	241555977	242147305	193	-0.139
BROSE_p_TCGASNP_195_196_197_N_GenomeWideSNP_6_F12_1039594	3	18667	807119	661	0.0265
BROSE_p_TCGASNP_195_196_197_N_GenomeWideSNP_6_F12_1039594	3	815775	817841	4	-0.9769
BROSE_p_TCGASNP_195_196_197_N_GenomeWideSNP_6_F12_1039594	3	819470	1917676	1073	0.0433
BROSE_p_TCGASNP_195_196_197_N_GenomeWideSNP_6_F12_1039594	3	1918571	1924791	3	-1.3222
BROSE_p_TCGASNP_195_196_197_N_GenomeWideSNP_6_F12_1039594	3	1925365	5492673	3122	0.0102
BROSE_p_TCGASNP_195_196_197_N_GenomeWideSNP_6_F12_1039594	3	5493206	5493895	2	-1.5937
BROSE_p_TCGASNP_195_196_197_N_GenomeWideSNP_6_F12_1039594	3	5497427	6604856	985	0.0249
BROSE_p_TCGASNP_195_196_197_N_GenomeWideSNP_6_F12_1039594	3	6609441	6611645	23	-0.5125
BROSE_p_TCGASNP_195_196_197_N_GenomeWideSNP_6_F12_1039594	3	6613391	75519398	46951	0.0042
BROSE_p_TCGASNP_195_196_197_N_GenomeWideSNP_6_F12_1039594	3	75523398	75537654	6	-2.3271
BROSE_p_TCGASNP_195_196_197_N_GenomeWideSNP_6_F12_1039594	3	75546030	95737262	9159	0.0045
BROSE_p_TCGASNP_195_196_197_N_GenomeWideSNP_6_F12_1039594	3	95748036	95749266	2	-3.2549
BROSE_p_TCGASNP_195_196_197_N_GenomeWideSNP_6_F12_1039594	3	95749836	99218940	1855	0.0053
BROSE_p_TCGASNP_195_196_197_N_GenomeWideSNP_6_F12_1039594	3	99225614	99230464	36	-0.4814
BROSE_p_TCGASNP_195_196_197_N_GenomeWideSNP_6_F12_1039594	3	99230470	130057833	18762	-0.0016
BROSE_p_TCGASNP_195_196_197_N_GenomeWideSNP_6_F12_1039594	3	130062033	130080754	45	0.2673
BROSE_p_TCGASNP_195_196_197_N_GenomeWideSNP_6_F12_1039594	3	130080824	140823697	6744	-0.0034
BROSE_p_TCGASNP_195_196_197_N_GenomeWideSNP_6_F12_1039594	3	140826859	140828142	2	-2.6602
BROSE_p_TCGASNP_195_196_197_N_GenomeWideSNP_6_F12_1039594	3	140841776	155758758	9248	-0.0032
BROSE_p_TCGASNP_195_196_197_N_GenomeWideSNP_6_F12_1039594	3	155763308	155773337	26	0.472
BROSE_p_TCGASNP_195_196_197_N_GenomeWideSNP_6_F12_1039594	3	155774353	162405578	4008	-1e-04
BROSE_p_TCGASNP_195_196_197_N_GenomeWideSNP_6_F12_1039594	3	162419812	162424917	14	-0.9051
BROSE_p_TCGASNP_195_196_197_N_GenomeWideSNP_6_F12_1039594	3	162426460	193155873	19527	0.0019
BROSE_p_TCGASNP_195_196_197_N_GenomeWideSNP_6_F12_1039594	3	193155915	193165114	22	-1.2203
BROSE_p_TCGASNP_195_196_197_N_GenomeWideSNP_6_F12_1039594	3	193168646	196741023	1986	-0.0155
BROSE_p_TCGASNP_195_196_197_N_GenomeWideSNP_6_F12_1039594	3	196748571	196862630	56	-0.4722
BROSE_p_TCGASNP_195_196_197_N_GenomeWideSNP_6_F12_1039594	3	196865223	198169247	665	-0.0553
BROSE_p_TCGASNP_195_196_197_N_GenomeWideSNP_6_F12_1039594	4	12281	78998	71	-0.2445
BROSE_p_TCGASNP_195_196_197_N_GenomeWideSNP_6_F12_1039594	4	79642	34777382	22760	0.0046
BROSE_p_TCGASNP_195_196_197_N_GenomeWideSNP_6_F12_1039594	4	34777403	34777432	3	-0.6165
BROSE_p_TCGASNP_195_196_197_N_GenomeWideSNP_6_F12_1039594	4	34784878	34828327	42	0.3799
BROSE_p_TCGASNP_195_196_197_N_GenomeWideSNP_6_F12_1039594	4	34828382	49049108	8951	0.0112
BROSE_p_TCGASNP_195_196_197_N_GenomeWideSNP_6_F12_1039594	4	49049185	49049469	2	-1.4049
BROSE_p_TCGASNP_195_196_197_N_GenomeWideSNP_6_F12_1039594	4	49049748	63828222	7641	0.0013
BROSE_p_TCGASNP_195_196_197_N_GenomeWideSNP_6_F12_1039594	4	63831751	63841863	21	-0.871
BROSE_p_TCGASNP_195_196_197_N_GenomeWideSNP_6_F12_1039594	4	63841887	63842540	7	-2.8007
BROSE_p_TCGASNP_195_196_197_N_GenomeWideSNP_6_F12_1039594	4	63850713	68494771	2878	0.005
BROSE_p_TCGASNP_195_196_197_N_GenomeWideSNP_6_F12_1039594	4	68501424	68639397	69	0.4778
BROSE_p_TCGASNP_195_196_197_N_GenomeWideSNP_6_F12_1039594	4	68640616	121360818	32126	0.0025
BROSE_p_TCGASNP_195_196_197_N_GenomeWideSNP_6_F12_1039594	4	121361313	121370367	30	-0.7041
BROSE_p_TCGASNP_195_196_197_N_GenomeWideSNP_6_F12_1039594	4	121370472	124538250	1732	0.0097
BROSE_p_TCGASNP_195_196_197_N_GenomeWideSNP_6_F12_1039594	4	124539196	124541780	3	-1.8315
BROSE_p_TCGASNP_195_196_197_N_GenomeWideSNP_6_F12_1039594	4	124541870	132196505	4385	-0.0039
BROSE_p_TCGASNP_195_196_197_N_GenomeWideSNP_6_F12_1039594	4	132197154	132203100	4	-1.1152
BROSE_p_TCGASNP_195_196_197_N_GenomeWideSNP_6_F12_1039594	4	132206355	172066777	24662	0.0023
BROSE_p_TCGASNP_195_196_197_N_GenomeWideSNP_6_F12_1039594	4	172067997	172068382	12	-1.6868
BROSE_p_TCGASNP_195_196_197_N_GenomeWideSNP_6_F12_1039594	4	172074828	172501371	232	0.0038
BROSE_p_TCGASNP_195_196_197_N_GenomeWideSNP_6_F12_1039594	4	172503796	172507492	7	1.4746
BROSE_p_TCGASNP_195_196_197_N_GenomeWideSNP_6_F12_1039594	4	172519981	183517539	7435	0.0083
BROSE_p_TCGASNP_195_196_197_N_GenomeWideSNP_6_F12_1039594	4	183519684	185526416	1346	-0.0509
BROSE_p_TCGASNP_195_196_197_N_GenomeWideSNP_6_F12_1039594	4	185528497	188300104	1928	0.0241
BROSE_p_TCGASNP_195_196_197_N_GenomeWideSNP_6_F12_1039594	4	188300206	188300285	4	1.0786
BROSE_p_TCGASNP_195_196_197_N_GenomeWideSNP_6_F12_1039594	4	188301659	188515761	209	0.0048
BROSE_p_TCGASNP_195_196_197_N_GenomeWideSNP_6_F12_1039594	4	188515932	188516256	8	-0.762
BROSE_p_TCGASNP_195_196_197_N_GenomeWideSNP_6_F12_1039594	4	188518718	189872905	901	0.0318
BROSE_p_TCGASNP_195_196_197_N_GenomeWideSNP_6_F12_1039594	4	189874639	190106768	59	-0.1811
BROSE_p_TCGASNP_195_196_197_N_GenomeWideSNP_6_F12_1039594	5	15532	1934376	963	-0.0943
BROSE_p_TCGASNP_195_196_197_N_GenomeWideSNP_6_F12_1039594	5	1934664	8702128	6004	0.0142
BROSE_p_TCGASNP_195_196_197_N_GenomeWideSNP_6_F12_1039594	5	8702410	8749619	48	-0.8862
BROSE_p_TCGASNP_195_196_197_N_GenomeWideSNP_6_F12_1039594	5	8749664	17515692	6405	0.0011
BROSE_p_TCGASNP_195_196_197_N_GenomeWideSNP_6_F12_1039594	5	17601444	17607658	11	-0.7868
BROSE_p_TCGASNP_195_196_197_N_GenomeWideSNP_6_F12_1039594	5	17608130	21370455	2300	0.0029
BROSE_p_TCGASNP_195_196_197_N_GenomeWideSNP_6_F12_1039594	5	21370468	21377744	4	-1.479
BROSE_p_TCGASNP_195_196_197_N_GenomeWideSNP_6_F12_1039594	5	21385957	46271006	15083	1e-04
BROSE_p_TCGASNP_195_196_197_N_GenomeWideSNP_6_F12_1039594	5	46271828	46273400	6	-2.7765
BROSE_p_TCGASNP_195_196_197_N_GenomeWideSNP_6_F12_1039594	5	46278110	140839137	55258	0.0038
BROSE_p_TCGASNP_195_196_197_N_GenomeWideSNP_6_F12_1039594	5	140844251	140864171	13	-0.707
BROSE_p_TCGASNP_195_196_197_N_GenomeWideSNP_6_F12_1039594	5	140872578	156048095	10224	6e-04
BROSE_p_TCGASNP_195_196_197_N_GenomeWideSNP_6_F12_1039594	5	156049762	156055719	14	-0.6257
BROSE_p_TCGASNP_195_196_197_N_GenomeWideSNP_6_F12_1039594	5	156068240	171764601	10950	0.0094
BROSE_p_TCGASNP_195_196_197_N_GenomeWideSNP_6_F12_1039594	5	171764631	173774914	1468	-0.0391
BROSE_p_TCGASNP_195_196_197_N_GenomeWideSNP_6_F12_1039594	5	173775504	174727340	787	-0.001
BROSE_p_TCGASNP_195_196_197_N_GenomeWideSNP_6_F12_1039594	5	174728779	174761029	16	-0.5673
BROSE_p_TCGASNP_195_196_197_N_GenomeWideSNP_6_F12_1039594	5	174761886	180951710	3430	-0.0176
BROSE_p_TCGASNP_195_196_197_N_GenomeWideSNP_6_F12_1039594	5	180951888	181015920	23	0.4558
BROSE_p_TCGASNP_195_196_197_N_GenomeWideSNP_6_F12_1039594	5	181018221	181363319	166	-0.0712
BROSE_p_TCGASNP_195_196_197_N_GenomeWideSNP_6_F12_1039594	6	149661	254283	101	-0.0398
BROSE_p_TCGASNP_195_196_197_N_GenomeWideSNP_6_F12_1039594	6	257353	294837	23	-0.6856
BROSE_p_TCGASNP_195_196_197_N_GenomeWideSNP_6_F12_1039594	6	302306	365138	68	-0.3068
BROSE_p_TCGASNP_195_196_197_N_GenomeWideSNP_6_F12_1039594	6	365720	380821	9	-0.6654
BROSE_p_TCGASNP_195_196_197_N_GenomeWideSNP_6_F12_1039594	6	381149	559101	145	-0.0483
BROSE_p_TCGASNP_195_196_197_N_GenomeWideSNP_6_F12_1039594	6	560570	668470	89	0.1238
BROSE_p_TCGASNP_195_196_197_N_GenomeWideSNP_6_F12_1039594	6	668627	779944	98	-0.0922
BROSE_p_TCGASNP_195_196_197_N_GenomeWideSNP_6_F12_1039594	6	781077	870479	82	-0.302
BROSE_p_TCGASNP_195_196_197_N_GenomeWideSNP_6_F12_1039594	6	871040	26745969	19682	-0.0085
BROSE_p_TCGASNP_195_196_197_N_GenomeWideSNP_6_F12_1039594	6	26747490	26768359	17	-0.6036
BROSE_p_TCGASNP_195_196_197_N_GenomeWideSNP_6_F12_1039594	6	26772853	29869295	1436	-0.0137
BROSE_p_TCGASNP_195_196_197_N_GenomeWideSNP_6_F12_1039594	6	29869410	29869747	6	0.6713
BROSE_p_TCGASNP_195_196_197_N_GenomeWideSNP_6_F12_1039594	6	29873174	31309909	680	-0.0204
BROSE_p_TCGASNP_195_196_197_N_GenomeWideSNP_6_F12_1039594	6	31313046	31328674	12	-1.6209
BROSE_p_TCGASNP_195_196_197_N_GenomeWideSNP_6_F12_1039594	6	31342147	32656527	569	-0.0873
BROSE_p_TCGASNP_195_196_197_N_GenomeWideSNP_6_F12_1039594	6	32656814	32658841	5	-1.3579
BROSE_p_TCGASNP_195_196_197_N_GenomeWideSNP_6_F12_1039594	6	32682835	35647935	1684	-0.0312
BROSE_p_TCGASNP_195_196_197_N_GenomeWideSNP_6_F12_1039594	6	35651193	51926726	10490	0.0116
BROSE_p_TCGASNP_195_196_197_N_GenomeWideSNP_6_F12_1039594	6	51929000	54066353	1563	-0.0154
BROSE_p_TCGASNP_195_196_197_N_GenomeWideSNP_6_F12_1039594	6	54066432	54067057	6	-1.6344
BROSE_p_TCGASNP_195_196_197_N_GenomeWideSNP_6_F12_1039594	6	54070550	66328153	5496	0.0119
BROSE_p_TCGASNP_195_196_197_N_GenomeWideSNP_6_F12_1039594	6	66331020	66333299	7	-0.6689
BROSE_p_TCGASNP_195_196_197_N_GenomeWideSNP_6_F12_1039594	6	66333342	78261995	7798	0.0145
BROSE_p_TCGASNP_195_196_197_N_GenomeWideSNP_6_F12_1039594	6	78262064	78325468	109	-0.4138
BROSE_p_TCGASNP_195_196_197_N_GenomeWideSNP_6_F12_1039594	6	78329517	119947560	25710	0.0073
BROSE_p_TCGASNP_195_196_197_N_GenomeWideSNP_6_F12_1039594	6	119953236	119953757	2	-1.7958
BROSE_p_TCGASNP_195_196_197_N_GenomeWideSNP_6_F12_1039594	6	119956627	134416855	9252	0.0088
BROSE_p_TCGASNP_195_196_197_N_GenomeWideSNP_6_F12_1039594	6	134416870	134416950	2	-2.2768
BROSE_p_TCGASNP_195_196_197_N_GenomeWideSNP_6_F12_1039594	6	134417047	161734527	18415	0.0025
BROSE_p_TCGASNP_195_196_197_N_GenomeWideSNP_6_F12_1039594	6	161734869	162753380	862	0.0663
BROSE_p_TCGASNP_195_196_197_N_GenomeWideSNP_6_F12_1039594	6	162754770	170741917	5559	0.009
BROSE_p_TCGASNP_195_196_197_N_GenomeWideSNP_6_F12_1039594	7	43355	1287994	378	-0.0855
BROSE_p_TCGASNP_195_196_197_N_GenomeWideSNP_6_F12_1039594	7	1292195	3962311	1587	0.0121
BROSE_p_TCGASNP_195_196_197_N_GenomeWideSNP_6_F12_1039594	7	3964326	3965252	3	-0.9464
BROSE_p_TCGASNP_195_196_197_N_GenomeWideSNP_6_F12_1039594	7	3968130	4899729	676	0.0084
BROSE_p_TCGASNP_195_196_197_N_GenomeWideSNP_6_F12_1039594	7	4904300	8167226	1918	-0.0369
BROSE_p_TCGASNP_195_196_197_N_GenomeWideSNP_6_F12_1039594	7	8167877	25667092	14028	0.0134
BROSE_p_TCGASNP_195_196_197_N_GenomeWideSNP_6_F12_1039594	7	25671642	30739690	3583	-0.0308
BROSE_p_TCGASNP_195_196_197_N_GenomeWideSNP_6_F12_1039594	7	30742027	97766148	38558	0.0061
BROSE_p_TCGASNP_195_196_197_N_GenomeWideSNP_6_F12_1039594	7	97766150	97773163	15	-0.6518
BROSE_p_TCGASNP_195_196_197_N_GenomeWideSNP_6_F12_1039594	7	97774928	101311575	1511	-0.0045
BROSE_p_TCGASNP_195_196_197_N_GenomeWideSNP_6_F12_1039594	7	101311641	101492117	82	-0.2125
BROSE_p_TCGASNP_195_196_197_N_GenomeWideSNP_6_F12_1039594	7	101494033	109797036	5043	-0.0054
BROSE_p_TCGASNP_195_196_197_N_GenomeWideSNP_6_F12_1039594	7	109797037	109818715	39	0.3675
BROSE_p_TCGASNP_195_196_197_N_GenomeWideSNP_6_F12_1039594	7	109818839	126405428	10036	0.0118
BROSE_p_TCGASNP_195_196_197_N_GenomeWideSNP_6_F12_1039594	7	126405502	126406823	13	1.0561
BROSE_p_TCGASNP_195_196_197_N_GenomeWideSNP_6_F12_1039594	7	126406824	153450553	16720	-0.0058
BROSE_p_TCGASNP_195_196_197_N_GenomeWideSNP_6_F12_1039594	7	153450560	153450627	2	-2.653
BROSE_p_TCGASNP_195_196_197_N_GenomeWideSNP_6_F12_1039594	7	153450630	156592980	2478	-0.0205
BROSE_p_TCGASNP_195_196_197_N_GenomeWideSNP_6_F12_1039594	7	156599096	156601485	4	-1.1237
BROSE_p_TCGASNP_195_196_197_N_GenomeWideSNP_6_F12_1039594	7	156602214	159334314	1630	-0.0315
BROSE_p_TCGASNP_195_196_197_N_GenomeWideSNP_6_F12_1039594	8	81254	645220	330	-0.0277
BROSE_p_TCGASNP_195_196_197_N_GenomeWideSNP_6_F12_1039594	8	645443	645908	7	1.1014
BROSE_p_TCGASNP_195_196_197_N_GenomeWideSNP_6_F12_1039594	8	651043	1418902	566	-0.0038
BROSE_p_TCGASNP_195_196_197_N_GenomeWideSNP_6_F12_1039594	8	1419196	1419436	3	-1.4096
BROSE_p_TCGASNP_195_196_197_N_GenomeWideSNP_6_F12_1039594	8	1419522	2195026	665	0.001
BROSE_p_TCGASNP_195_196_197_N_GenomeWideSNP_6_F12_1039594	8	2195396	6405503	5371	0.0424
BROSE_p_TCGASNP_195_196_197_N_GenomeWideSNP_6_F12_1039594	8	6405536	6968934	681	-0.0373
BROSE_p_TCGASNP_195_196_197_N_GenomeWideSNP_6_F12_1039594	8	6968962	7018620	17	-0.7782
BROSE_p_TCGASNP_195_196_197_N_GenomeWideSNP_6_F12_1039594	8	7020666	7359530	108	-0.0123
BROSE_p_TCGASNP_195_196_197_N_GenomeWideSNP_6_F12_1039594	8	7359650	7545502	83	0.2276
BROSE_p_TCGASNP_195_196_197_N_GenomeWideSNP_6_F12_1039594	8	7545533	15922354	6598	0.0092
BROSE_p_TCGASNP_195_196_197_N_GenomeWideSNP_6_F12_1039594	8	15926898	15930760	6	-1.1547
BROSE_p_TCGASNP_195_196_197_N_GenomeWideSNP_6_F12_1039594	8	15931492	22382656	5479	0.011
BROSE_p_TCGASNP_195_196_197_N_GenomeWideSNP_6_F12_1039594	8	22391407	22413139	20	-0.3813
BROSE_p_TCGASNP_195_196_197_N_GenomeWideSNP_6_F12_1039594	8	22414482	25114672	1813	-0.0167
BROSE_p_TCGASNP_195_196_197_N_GenomeWideSNP_6_F12_1039594	8	25116928	25126735	26	0.5268
BROSE_p_TCGASNP_195_196_197_N_GenomeWideSNP_6_F12_1039594	8	25126818	31864786	4642	-0.005
BROSE_p_TCGASNP_195_196_197_N_GenomeWideSNP_6_F12_1039594	8	31867132	31867474	2	-1.4807
BROSE_p_TCGASNP_195_196_197_N_GenomeWideSNP_6_F12_1039594	8	31869545	39373140	4401	0.0114
BROSE_p_TCGASNP_195_196_197_N_GenomeWideSNP_6_F12_1039594	8	39378084	39529446	59	-2.3543
BROSE_p_TCGASNP_195_196_197_N_GenomeWideSNP_6_F12_1039594	8	39530780	40914477	1075	0.0077
BROSE_p_TCGASNP_195_196_197_N_GenomeWideSNP_6_F12_1039594	8	40920333	40920952	2	-1.9367
BROSE_p_TCGASNP_195_196_197_N_GenomeWideSNP_6_F12_1039594	8	40926161	82030296	23505	-6e-04
BROSE_p_TCGASNP_195_196_197_N_GenomeWideSNP_6_F12_1039594	8	82030334	82030352	2	-1.433
BROSE_p_TCGASNP_195_196_197_N_GenomeWideSNP_6_F12_1039594	8	82036389	111282237	17483	-0.0034
BROSE_p_TCGASNP_195_196_197_N_GenomeWideSNP_6_F12_1039594	8	111282417	111283016	6	-1.3159
BROSE_p_TCGASNP_195_196_197_N_GenomeWideSNP_6_F12_1039594	8	111283031	114619814	1827	0.008
BROSE_p_TCGASNP_195_196_197_N_GenomeWideSNP_6_F12_1039594	8	114622258	114642539	38	0.2889
BROSE_p_TCGASNP_195_196_197_N_GenomeWideSNP_6_F12_1039594	8	114650365	131945542	12026	0.0095
BROSE_p_TCGASNP_195_196_197_N_GenomeWideSNP_6_F12_1039594	8	131946705	134906536	2581	-0.0201
BROSE_p_TCGASNP_195_196_197_N_GenomeWideSNP_6_F12_1039594	8	134906749	140886654	4590	0.0211
BROSE_p_TCGASNP_195_196_197_N_GenomeWideSNP_6_F12_1039594	8	140888419	142407252	911	-0.0822
BROSE_p_TCGASNP_195_196_197_N_GenomeWideSNP_6_F12_1039594	8	142407360	143690674	480	0.0232
BROSE_p_TCGASNP_195_196_197_N_GenomeWideSNP_6_F12_1039594	8	143691919	145072769	476	-0.1143
BROSE_p_TCGASNP_195_196_197_N_GenomeWideSNP_6_F12_1039594	9	46587	2147099	2323	-0.0022
BROSE_p_TCGASNP_195_196_197_N_GenomeWideSNP_6_F12_1039594	9	2148837	2150662	6	-1.0926
BROSE_p_TCGASNP_195_196_197_N_GenomeWideSNP_6_F12_1039594	9	2152115	5078443	2924	-0.0014
BROSE_p_TCGASNP_195_196_197_N_GenomeWideSNP_6_F12_1039594	9	5079156	5081852	10	-0.8122
BROSE_p_TCGASNP_195_196_197_N_GenomeWideSNP_6_F12_1039594	9	5081953	6878612	1260	-0.0368
BROSE_p_TCGASNP_195_196_197_N_GenomeWideSNP_6_F12_1039594	9	6884704	14189816	6492	0.0231
BROSE_p_TCGASNP_195_196_197_N_GenomeWideSNP_6_F12_1039594	9	14191523	14290783	95	-0.0516
BROSE_p_TCGASNP_195_196_197_N_GenomeWideSNP_6_F12_1039594	9	14290921	14290979	2	-1.4079
BROSE_p_TCGASNP_195_196_197_N_GenomeWideSNP_6_F12_1039594	9	14291988	15104033	686	0.0291
BROSE_p_TCGASNP_195_196_197_N_GenomeWideSNP_6_F12_1039594	9	15108321	15117485	7	-0.9849
BROSE_p_TCGASNP_195_196_197_N_GenomeWideSNP_6_F12_1039594	9	15120494	38771834	17398	0.0049
BROSE_p_TCGASNP_195_196_197_N_GenomeWideSNP_6_F12_1039594	9	38787496	38796110	2	-1.6362
BROSE_p_TCGASNP_195_196_197_N_GenomeWideSNP_6_F12_1039594	9	38796314	39807498	130	-0.0187
BROSE_p_TCGASNP_195_196_197_N_GenomeWideSNP_6_F12_1039594	9	39827488	39840169	3	1.3742
BROSE_p_TCGASNP_195_196_197_N_GenomeWideSNP_6_F12_1039594	9	39878089	40077125	11	-0.2679
BROSE_p_TCGASNP_195_196_197_N_GenomeWideSNP_6_F12_1039594	9	40099589	41064705	60	0.0904
BROSE_p_TCGASNP_195_196_197_N_GenomeWideSNP_6_F12_1039594	9	41069539	41639986	41	-0.1626
BROSE_p_TCGASNP_195_196_197_N_GenomeWideSNP_6_F12_1039594	9	41644131	41644334	3	-1.3351
BROSE_p_TCGASNP_195_196_197_N_GenomeWideSNP_6_F12_1039594	9	41646848	61629689	105	0.034
BROSE_p_TCGASNP_195_196_197_N_GenomeWideSNP_6_F12_1039594	9	61633080	61647899	2	-1.4513
BROSE_p_TCGASNP_195_196_197_N_GenomeWideSNP_6_F12_1039594	9	61658190	75387644	5251	-1e-04
BROSE_p_TCGASNP_195_196_197_N_GenomeWideSNP_6_F12_1039594	9	75390261	75397543	4	-1.2366
BROSE_p_TCGASNP_195_196_197_N_GenomeWideSNP_6_F12_1039594	9	75397746	138200944	43056	9e-04
BROSE_p_TCGASNP_195_196_197_N_GenomeWideSNP_6_F12_1039594	10	26873	467695	240	-0.021
BROSE_p_TCGASNP_195_196_197_N_GenomeWideSNP_6_F12_1039594	10	468092	514324	47	-0.3653
BROSE_p_TCGASNP_195_196_197_N_GenomeWideSNP_6_F12_1039594	10	520157	17838969	14600	0.0074
BROSE_p_TCGASNP_195_196_197_N_GenomeWideSNP_6_F12_1039594	10	17839295	17847819	2	1.5703
BROSE_p_TCGASNP_195_196_197_N_GenomeWideSNP_6_F12_1039594	10	17852967	24086334	4356	0.0073
BROSE_p_TCGASNP_195_196_197_N_GenomeWideSNP_6_F12_1039594	10	24088745	24089125	11	0.9353
BROSE_p_TCGASNP_195_196_197_N_GenomeWideSNP_6_F12_1039594	10	24089979	50062639	14445	0.0018
BROSE_p_TCGASNP_195_196_197_N_GenomeWideSNP_6_F12_1039594	10	50070600	50081224	2	-2.8196
BROSE_p_TCGASNP_195_196_197_N_GenomeWideSNP_6_F12_1039594	10	50096998	50107474	3	-0.7109
BROSE_p_TCGASNP_195_196_197_N_GenomeWideSNP_6_F12_1039594	10	50132152	55420393	3954	0.0104
BROSE_p_TCGASNP_195_196_197_N_GenomeWideSNP_6_F12_1039594	10	55420481	55420557	3	-2.0543
BROSE_p_TCGASNP_195_196_197_N_GenomeWideSNP_6_F12_1039594	10	55420561	113444969	38695	0.003
BROSE_p_TCGASNP_195_196_197_N_GenomeWideSNP_6_F12_1039594	10	113448998	113457106	8	-0.9706
BROSE_p_TCGASNP_195_196_197_N_GenomeWideSNP_6_F12_1039594	10	113459555	122584435	6803	0.0082
BROSE_p_TCGASNP_195_196_197_N_GenomeWideSNP_6_F12_1039594	10	122584593	122591497	6	-1.0326
BROSE_p_TCGASNP_195_196_197_N_GenomeWideSNP_6_F12_1039594	10	122597296	126354967	2649	-0.0091
BROSE_p_TCGASNP_195_196_197_N_GenomeWideSNP_6_F12_1039594	10	126355304	131391136	4109	0.0195
BROSE_p_TCGASNP_195_196_197_N_GenomeWideSNP_6_F12_1039594	10	131391215	133769379	1164	-0.0364
BROSE_p_TCGASNP_195_196_197_N_GenomeWideSNP_6_F12_1039594	11	198510	4946420	2477	-0.0136
BROSE_p_TCGASNP_195_196_197_N_GenomeWideSNP_6_F12_1039594	11	4946887	4952799	26	-1.5506
BROSE_p_TCGASNP_195_196_197_N_GenomeWideSNP_6_F12_1039594	11	4953934	5500921	558	0.0143
BROSE_p_TCGASNP_195_196_197_N_GenomeWideSNP_6_F12_1039594	11	5500945	5507331	13	-0.4926
BROSE_p_TCGASNP_195_196_197_N_GenomeWideSNP_6_F12_1039594	11	5509354	37016629	23134	-2e-04
BROSE_p_TCGASNP_195_196_197_N_GenomeWideSNP_6_F12_1039594	11	37022920	37650941	436	0.0872
BROSE_p_TCGASNP_195_196_197_N_GenomeWideSNP_6_F12_1039594	11	37650967	48357398	6720	-0.0023
BROSE_p_TCGASNP_195_196_197_N_GenomeWideSNP_6_F12_1039594	11	48359352	48434205	23	-0.5933
BROSE_p_TCGASNP_195_196_197_N_GenomeWideSNP_6_F12_1039594	11	48438038	48632601	97	-0.9841
BROSE_p_TCGASNP_195_196_197_N_GenomeWideSNP_6_F12_1039594	11	48633303	48953076	78	-0.705
BROSE_p_TCGASNP_195_196_197_N_GenomeWideSNP_6_F12_1039594	11	48954804	55595864	1113	-0.0021
BROSE_p_TCGASNP_195_196_197_N_GenomeWideSNP_6_F12_1039594	11	55606556	55679856	55	-0.2899
BROSE_p_TCGASNP_195_196_197_N_GenomeWideSNP_6_F12_1039594	11	55679989	64873564	5152	-0.001
BROSE_p_TCGASNP_195_196_197_N_GenomeWideSNP_6_F12_1039594	11	64880577	65906792	401	-0.1312
BROSE_p_TCGASNP_195_196_197_N_GenomeWideSNP_6_F12_1039594	11	65906895	78913163	6644	-0.0092
BROSE_p_TCGASNP_195_196_197_N_GenomeWideSNP_6_F12_1039594	11	78913201	94478882	10898	0.0179
BROSE_p_TCGASNP_195_196_197_N_GenomeWideSNP_6_F12_1039594	11	94479280	101723653	5569	-0.0049
BROSE_p_TCGASNP_195_196_197_N_GenomeWideSNP_6_F12_1039594	11	101727129	101727233	4	1.1459
BROSE_p_TCGASNP_195_196_197_N_GenomeWideSNP_6_F12_1039594	11	101727481	101841907	94	0.0178
BROSE_p_TCGASNP_195_196_197_N_GenomeWideSNP_6_F12_1039594	11	101843429	101843762	2	-1.6004
BROSE_p_TCGASNP_195_196_197_N_GenomeWideSNP_6_F12_1039594	11	101847972	135074876	23686	0.0061
BROSE_p_TCGASNP_195_196_197_N_GenomeWideSNP_6_F12_1039594	12	51460	9477960	6205	-0.0113
BROSE_p_TCGASNP_195_196_197_N_GenomeWideSNP_6_F12_1039594	12	9481274	9562969	24	-1.6395
BROSE_p_TCGASNP_195_196_197_N_GenomeWideSNP_6_F12_1039594	12	9575696	24795108	10368	0.0016
BROSE_p_TCGASNP_195_196_197_N_GenomeWideSNP_6_F12_1039594	12	24797616	24798554	5	1.1016
BROSE_p_TCGASNP_195_196_197_N_GenomeWideSNP_6_F12_1039594	12	24802107	30086381	3985	-0.0052
BROSE_p_TCGASNP_195_196_197_N_GenomeWideSNP_6_F12_1039594	12	30086486	30090642	17	-0.6337
BROSE_p_TCGASNP_195_196_197_N_GenomeWideSNP_6_F12_1039594	12	30090657	33141726	2271	-0.0043
BROSE_p_TCGASNP_195_196_197_N_GenomeWideSNP_6_F12_1039594	12	33148472	33154440	27	-2.9066
BROSE_p_TCGASNP_195_196_197_N_GenomeWideSNP_6_F12_1039594	12	33155426	34282074	689	0.024
BROSE_p_TCGASNP_195_196_197_N_GenomeWideSNP_6_F12_1039594	12	34286943	37553388	142	-0.1265
BROSE_p_TCGASNP_195_196_197_N_GenomeWideSNP_6_F12_1039594	12	37554266	44302427	4089	0.0245
BROSE_p_TCGASNP_195_196_197_N_GenomeWideSNP_6_F12_1039594	12	44303001	125115029	51006	-4e-04
BROSE_p_TCGASNP_195_196_197_N_GenomeWideSNP_6_F12_1039594	12	125115241	129826124	4194	0.0328
BROSE_p_TCGASNP_195_196_197_N_GenomeWideSNP_6_F12_1039594	12	129831084	129862095	21	-0.504
BROSE_p_TCGASNP_195_196_197_N_GenomeWideSNP_6_F12_1039594	12	129862294	133201603	2051	-0.0209
BROSE_p_TCGASNP_195_196_197_N_GenomeWideSNP_6_F12_1039594	13	18452809	19202714	356	-0.0243
BROSE_p_TCGASNP_195_196_197_N_GenomeWideSNP_6_F12_1039594	13	19202953	19203130	2	-1.4545
BROSE_p_TCGASNP_195_196_197_N_GenomeWideSNP_6_F12_1039594	13	19207320	23058539	2541	0.0076
BROSE_p_TCGASNP_195_196_197_N_GenomeWideSNP_6_F12_1039594	13	23058721	23059376	11	-0.6442
BROSE_p_TCGASNP_195_196_197_N_GenomeWideSNP_6_F12_1039594	13	23064056	46457578	16859	0.0071
BROSE_p_TCGASNP_195_196_197_N_GenomeWideSNP_6_F12_1039594	13	46460674	46461887	2	-2.3721
BROSE_p_TCGASNP_195_196_197_N_GenomeWideSNP_6_F12_1039594	13	46473077	52520664	3737	-0.0113
BROSE_p_TCGASNP_195_196_197_N_GenomeWideSNP_6_F12_1039594	13	52523849	52531650	3	-1.6868
BROSE_p_TCGASNP_195_196_197_N_GenomeWideSNP_6_F12_1039594	13	52543744	68668123	9566	0.0198
BROSE_p_TCGASNP_195_196_197_N_GenomeWideSNP_6_F12_1039594	13	68674167	68694110	39	-0.6812
BROSE_p_TCGASNP_195_196_197_N_GenomeWideSNP_6_F12_1039594	13	68694987	100001059	20534	0.0116
BROSE_p_TCGASNP_195_196_197_N_GenomeWideSNP_6_F12_1039594	13	100003755	100100555	43	-0.2638
BROSE_p_TCGASNP_195_196_197_N_GenomeWideSNP_6_F12_1039594	13	100101164	105129828	4031	0.0077
BROSE_p_TCGASNP_195_196_197_N_GenomeWideSNP_6_F12_1039594	13	105129990	105806776	532	0.088
BROSE_p_TCGASNP_195_196_197_N_GenomeWideSNP_6_F12_1039594	13	105807906	114342922	6086	4e-04
BROSE_p_TCGASNP_195_196_197_N_GenomeWideSNP_6_F12_1039594	14	18225647	23957515	2862	-0.0146
BROSE_p_TCGASNP_195_196_197_N_GenomeWideSNP_6_F12_1039594	14	23960089	24024866	42	-0.6139
BROSE_p_TCGASNP_195_196_197_N_GenomeWideSNP_6_F12_1039594	14	24024956	41139155	10873	0.0102
BROSE_p_TCGASNP_195_196_197_N_GenomeWideSNP_6_F12_1039594	14	41141293	41168612	12	-3.0598
BROSE_p_TCGASNP_195_196_197_N_GenomeWideSNP_6_F12_1039594	14	41188046	106423925	41455	7e-04
BROSE_p_TCGASNP_195_196_197_N_GenomeWideSNP_6_F12_1039594	14	106425447	106462169	46	-0.6083
BROSE_p_TCGASNP_195_196_197_N_GenomeWideSNP_6_F12_1039594	14	106462183	106877229	224	-0.0292
BROSE_p_TCGASNP_195_196_197_N_GenomeWideSNP_6_F12_1039594	15	19811075	20001686	48	-0.0422
BROSE_p_TCGASNP_195_196_197_N_GenomeWideSNP_6_F12_1039594	15	20011702	21997818	261	0.2771
BROSE_p_TCGASNP_195_196_197_N_GenomeWideSNP_6_F12_1039594	15	21999319	22075280	24	-0.1143
BROSE_p_TCGASNP_195_196_197_N_GenomeWideSNP_6_F12_1039594	15	22085119	22092937	5	0.6491
BROSE_p_TCGASNP_195_196_197_N_GenomeWideSNP_6_F12_1039594	15	22093460	23585872	527	-0.0264
BROSE_p_TCGASNP_195_196_197_N_GenomeWideSNP_6_F12_1039594	15	23587340	27254817	2648	0.0488
BROSE_p_TCGASNP_195_196_197_N_GenomeWideSNP_6_F12_1039594	15	27258068	70741674	27746	0.006
BROSE_p_TCGASNP_195_196_197_N_GenomeWideSNP_6_F12_1039594	15	70741805	70741906	3	1.2436
BROSE_p_TCGASNP_195_196_197_N_GenomeWideSNP_6_F12_1039594	15	70741930	76599170	3106	0.0061
BROSE_p_TCGASNP_195_196_197_N_GenomeWideSNP_6_F12_1039594	15	76599286	76603434	20	0.727
BROSE_p_TCGASNP_195_196_197_N_GenomeWideSNP_6_F12_1039594	15	76609838	101928837	17684	-0.0021
BROSE_p_TCGASNP_195_196_197_N_GenomeWideSNP_6_F12_1039594	16	10777	1519404	493	-0.1228
BROSE_p_TCGASNP_195_196_197_N_GenomeWideSNP_6_F12_1039594	16	1528983	1756446	124	-0.0064
BROSE_p_TCGASNP_195_196_197_N_GenomeWideSNP_6_F12_1039594	16	1757470	1762971	3	-1.1621
BROSE_p_TCGASNP_195_196_197_N_GenomeWideSNP_6_F12_1039594	16	1767430	5709268	2202	0.0104
BROSE_p_TCGASNP_195_196_197_N_GenomeWideSNP_6_F12_1039594	16	5709754	8389456	3201	0.0488
BROSE_p_TCGASNP_195_196_197_N_GenomeWideSNP_6_F12_1039594	16	8389872	15014730	5175	1e-04
BROSE_p_TCGASNP_195_196_197_N_GenomeWideSNP_6_F12_1039594	16	15022400	16268505	588	-0.0807
BROSE_p_TCGASNP_195_196_197_N_GenomeWideSNP_6_F12_1039594	16	16269368	16419781	5	-1.1398
BROSE_p_TCGASNP_195_196_197_N_GenomeWideSNP_6_F12_1039594	16	16435734	18220376	1021	-0.0336
BROSE_p_TCGASNP_195_196_197_N_GenomeWideSNP_6_F12_1039594	16	18260900	18545889	6	0.706
BROSE_p_TCGASNP_195_196_197_N_GenomeWideSNP_6_F12_1039594	16	18583078	28742130	6173	0.0012
BROSE_p_TCGASNP_195_196_197_N_GenomeWideSNP_6_F12_1039594	16	28752527	28813331	3	-1.3526
BROSE_p_TCGASNP_195_196_197_N_GenomeWideSNP_6_F12_1039594	16	28813550	30165200	410	-0.0826
BROSE_p_TCGASNP_195_196_197_N_GenomeWideSNP_6_F12_1039594	16	30165932	32001634	673	0.0166
BROSE_p_TCGASNP_195_196_197_N_GenomeWideSNP_6_F12_1039594	16	32001957	32295899	45	-0.1455
BROSE_p_TCGASNP_195_196_197_N_GenomeWideSNP_6_F12_1039594	16	32327784	34056609	253	-0.3676
BROSE_p_TCGASNP_195_196_197_N_GenomeWideSNP_6_F12_1039594	16	34060396	55761302	6958	0.001
BROSE_p_TCGASNP_195_196_197_N_GenomeWideSNP_6_F12_1039594	16	55762477	55788485	21	-0.5921
BROSE_p_TCGASNP_195_196_197_N_GenomeWideSNP_6_F12_1039594	16	55788532	83743507	20588	0.0057
BROSE_p_TCGASNP_195_196_197_N_GenomeWideSNP_6_F12_1039594	16	83743710	83760390	66	-0.0575
BROSE_p_TCGASNP_195_196_197_N_GenomeWideSNP_6_F12_1039594	16	83760392	83760401	2	-1.3389
BROSE_p_TCGASNP_195_196_197_N_GenomeWideSNP_6_F12_1039594	16	83760419	85278272	1309	-0.0711
BROSE_p_TCGASNP_195_196_197_N_GenomeWideSNP_6_F12_1039594	16	85279729	88048033	2341	-0.0132
BROSE_p_TCGASNP_195_196_197_N_GenomeWideSNP_6_F12_1039594	16	88048278	90221127	867	-0.1068
BROSE_p_TCGASNP_195_196_197_N_GenomeWideSNP_6_F12_1039594	17	150733	1262192	557	-0.0977
BROSE_p_TCGASNP_195_196_197_N_GenomeWideSNP_6_F12_1039594	17	1276729	16464419	9822	0.007
BROSE_p_TCGASNP_195_196_197_N_GenomeWideSNP_6_F12_1039594	17	16466661	16759600	136	-0.0693
BROSE_p_TCGASNP_195_196_197_N_GenomeWideSNP_6_F12_1039594	17	16759737	16836956	11	-0.7617
BROSE_p_TCGASNP_195_196_197_N_GenomeWideSNP_6_F12_1039594	17	16838201	41265456	10411	-0.001
BROSE_p_TCGASNP_195_196_197_N_GenomeWideSNP_6_F12_1039594	17	41266762	41274279	24	1.5286
BROSE_p_TCGASNP_195_196_197_N_GenomeWideSNP_6_F12_1039594	17	41276472	46080231	2505	-0.0124
BROSE_p_TCGASNP_195_196_197_N_GenomeWideSNP_6_F12_1039594	17	46084501	46286804	129	0.4854
BROSE_p_TCGASNP_195_196_197_N_GenomeWideSNP_6_F12_1039594	17	46317046	51454876	2536	-0.0144
BROSE_p_TCGASNP_195_196_197_N_GenomeWideSNP_6_F12_1039594	17	51456040	73445127	14045	0.0048
BROSE_p_TCGASNP_195_196_197_N_GenomeWideSNP_6_F12_1039594	17	73445325	74208114	579	-0.0372
BROSE_p_TCGASNP_195_196_197_N_GenomeWideSNP_6_F12_1039594	17	74209006	74546893	180	-0.1557
BROSE_p_TCGASNP_195_196_197_N_GenomeWideSNP_6_F12_1039594	17	74547688	77336374	1424	-0.0054
BROSE_p_TCGASNP_195_196_197_N_GenomeWideSNP_6_F12_1039594	17	77336750	77396170	54	-0.2748
BROSE_p_TCGASNP_195_196_197_N_GenomeWideSNP_6_F12_1039594	17	77398743	83090856	2844	-0.0268
BROSE_p_TCGASNP_195_196_197_N_GenomeWideSNP_6_F12_1039594	18	11543	66240197	40551	0.0028
BROSE_p_TCGASNP_195_196_197_N_GenomeWideSNP_6_F12_1039594	18	66240359	66244124	8	-0.8359
BROSE_p_TCGASNP_195_196_197_N_GenomeWideSNP_6_F12_1039594	18	66244352	69084741	2092	0.0222
BROSE_p_TCGASNP_195_196_197_N_GenomeWideSNP_6_F12_1039594	18	69085088	69085217	2	-1.6223
BROSE_p_TCGASNP_195_196_197_N_GenomeWideSNP_6_F12_1039594	18	69085342	72900919	2765	0.0218
BROSE_p_TCGASNP_195_196_197_N_GenomeWideSNP_6_F12_1039594	18	72901130	72901554	4	-0.934
BROSE_p_TCGASNP_195_196_197_N_GenomeWideSNP_6_F12_1039594	18	72905288	75775133	2305	0.0213
BROSE_p_TCGASNP_195_196_197_N_GenomeWideSNP_6_F12_1039594	18	75775278	75779392	7	-0.9869
BROSE_p_TCGASNP_195_196_197_N_GenomeWideSNP_6_F12_1039594	18	75779624	79453155	2707	4e-04
BROSE_p_TCGASNP_195_196_197_N_GenomeWideSNP_6_F12_1039594	18	79454995	80257174	397	-0.1043
BROSE_p_TCGASNP_195_196_197_N_GenomeWideSNP_6_F12_1039594	19	90910	896244	171	-0.0717
BROSE_p_TCGASNP_195_196_197_N_GenomeWideSNP_6_F12_1039594	19	896499	6982325	2156	-0.0034
BROSE_p_TCGASNP_195_196_197_N_GenomeWideSNP_6_F12_1039594	19	6982698	6987787	2	-1.5573
BROSE_p_TCGASNP_195_196_197_N_GenomeWideSNP_6_F12_1039594	19	6988259	19829788	6270	0.0013
BROSE_p_TCGASNP_195_196_197_N_GenomeWideSNP_6_F12_1039594	19	19833113	20460779	398	-0.1139
BROSE_p_TCGASNP_195_196_197_N_GenomeWideSNP_6_F12_1039594	19	20466858	35358319	7813	0.0092
BROSE_p_TCGASNP_195_196_197_N_GenomeWideSNP_6_F12_1039594	19	35358407	35370946	24	-0.431
BROSE_p_TCGASNP_195_196_197_N_GenomeWideSNP_6_F12_1039594	19	35375842	50049154	7223	-0.0016
BROSE_p_TCGASNP_195_196_197_N_GenomeWideSNP_6_F12_1039594	19	50049216	50049637	2	-1.3343
BROSE_p_TCGASNP_195_196_197_N_GenomeWideSNP_6_F12_1039594	19	50055282	52624218	1549	-0.0141
BROSE_p_TCGASNP_195_196_197_N_GenomeWideSNP_6_F12_1039594	19	52630781	54812586	1396	-0.067
BROSE_p_TCGASNP_195_196_197_N_GenomeWideSNP_6_F12_1039594	19	54815158	54856748	20	-0.4876
BROSE_p_TCGASNP_195_196_197_N_GenomeWideSNP_6_F12_1039594	19	54856908	55771003	442	-0.0243
BROSE_p_TCGASNP_195_196_197_N_GenomeWideSNP_6_F12_1039594	19	55771169	55771701	3	-2.5853
BROSE_p_TCGASNP_195_196_197_N_GenomeWideSNP_6_F12_1039594	19	55774927	58586487	1850	-0.0335
BROSE_p_TCGASNP_195_196_197_N_GenomeWideSNP_6_F12_1039594	20	80664	1580934	1208	-0.0277
BROSE_p_TCGASNP_195_196_197_N_GenomeWideSNP_6_F12_1039594	20	1581021	1617300	41	-0.8
BROSE_p_TCGASNP_195_196_197_N_GenomeWideSNP_6_F12_1039594	20	1617460	3997562	1653	-0.001
BROSE_p_TCGASNP_195_196_197_N_GenomeWideSNP_6_F12_1039594	20	3997889	4123863	106	-0.2037
BROSE_p_TCGASNP_195_196_197_N_GenomeWideSNP_6_F12_1039594	20	4127368	6755252	2053	-0.0117
BROSE_p_TCGASNP_195_196_197_N_GenomeWideSNP_6_F12_1039594	20	6756254	16636172	7896	0.0257
BROSE_p_TCGASNP_195_196_197_N_GenomeWideSNP_6_F12_1039594	20	16639105	62909676	29002	0.0011
BROSE_p_TCGASNP_195_196_197_N_GenomeWideSNP_6_F12_1039594	20	62910347	64324800	539	-0.1078
BROSE_p_TCGASNP_195_196_197_N_GenomeWideSNP_6_F12_1039594	21	10336543	12992210	115	-0.1258
BROSE_p_TCGASNP_195_196_197_N_GenomeWideSNP_6_F12_1039594	21	12996806	23920793	7638	0.0073
BROSE_p_TCGASNP_195_196_197_N_GenomeWideSNP_6_F12_1039594	21	23923855	23927374	4	-1.0745
BROSE_p_TCGASNP_195_196_197_N_GenomeWideSNP_6_F12_1039594	21	23927443	33901909	7217	0.0068
BROSE_p_TCGASNP_195_196_197_N_GenomeWideSNP_6_F12_1039594	21	33904597	39863737	4667	-0.0215
BROSE_p_TCGASNP_195_196_197_N_GenomeWideSNP_6_F12_1039594	21	39863769	42962716	2649	0.0088
BROSE_p_TCGASNP_195_196_197_N_GenomeWideSNP_6_F12_1039594	21	42963142	43158706	144	-0.062
BROSE_p_TCGASNP_195_196_197_N_GenomeWideSNP_6_F12_1039594	21	43167490	43464124	154	-0.1614
BROSE_p_TCGASNP_195_196_197_N_GenomeWideSNP_6_F12_1039594	21	43464372	44365130	486	-0.0143
BROSE_p_TCGASNP_195_196_197_N_GenomeWideSNP_6_F12_1039594	21	44374559	44447091	19	-0.4599
BROSE_p_TCGASNP_195_196_197_N_GenomeWideSNP_6_F12_1039594	21	44447263	46677045	1317	-0.0372
BROSE_p_TCGASNP_195_196_197_N_GenomeWideSNP_6_F12_1039594	22	15294545	18142004	1181	-0.0041
BROSE_p_TCGASNP_195_196_197_N_GenomeWideSNP_6_F12_1039594	22	18143362	18146386	8	-1.0524
BROSE_p_TCGASNP_195_196_197_N_GenomeWideSNP_6_F12_1039594	22	18147293	18547989	19	0.0534
BROSE_p_TCGASNP_195_196_197_N_GenomeWideSNP_6_F12_1039594	22	18620743	18760941	7	-1.1679
BROSE_p_TCGASNP_195_196_197_N_GenomeWideSNP_6_F12_1039594	22	18782908	21454896	1652	-0.0808
BROSE_p_TCGASNP_195_196_197_N_GenomeWideSNP_6_F12_1039594	22	21461577	21580279	34	-0.5242
BROSE_p_TCGASNP_195_196_197_N_GenomeWideSNP_6_F12_1039594	22	21592589	24686148	2053	-0.0417
BROSE_p_TCGASNP_195_196_197_N_GenomeWideSNP_6_F12_1039594	22	24686548	32385600	5660	0.0029
BROSE_p_TCGASNP_195_196_197_N_GenomeWideSNP_6_F12_1039594	22	32385735	33776814	1258	0.0475
BROSE_p_TCGASNP_195_196_197_N_GenomeWideSNP_6_F12_1039594	22	33777419	33778998	5	-0.7129
BROSE_p_TCGASNP_195_196_197_N_GenomeWideSNP_6_F12_1039594	22	33785435	35335252	1445	0.0437
BROSE_p_TCGASNP_195_196_197_N_GenomeWideSNP_6_F12_1039594	22	35339536	37346951	1336	-0.0063
BROSE_p_TCGASNP_195_196_197_N_GenomeWideSNP_6_F12_1039594	22	37352689	37353906	4	-1.0681
BROSE_p_TCGASNP_195_196_197_N_GenomeWideSNP_6_F12_1039594	22	37354627	49065966	7794	0.0071
BROSE_p_TCGASNP_195_196_197_N_GenomeWideSNP_6_F12_1039594	22	49066298	50528603	910	-0.0661
BROSE_p_TCGASNP_195_196_197_N_GenomeWideSNP_6_F12_1039594	22	50534679	50534687	5	-0.9842
BROSE_p_TCGASNP_195_196_197_N_GenomeWideSNP_6_F12_1039594	22	50535325	50796027	146	-0.0947
BROSE_p_TCGASNP_195_196_197_N_GenomeWideSNP_6_F12_1039594	X	251810	2401914	87	-0.1974
BROSE_p_TCGASNP_195_196_197_N_GenomeWideSNP_6_F12_1039594	X	2442775	77129454	40039	3e-04
BROSE_p_TCGASNP_195_196_197_N_GenomeWideSNP_6_F12_1039594	X	77133196	77303489	18	-0.5667
BROSE_p_TCGASNP_195_196_197_N_GenomeWideSNP_6_F12_1039594	X	77324696	153958739	43588	0.0066
BROSE_p_TCGASNP_195_196_197_N_GenomeWideSNP_6_F12_1039594	X	153965490	153965982	2	-1.6309
BROSE_p_TCGASNP_195_196_197_N_GenomeWideSNP_6_F12_1039594	X	153974136	155952689	721	-0.0261
